0 400 500 3 51 91 188 2
1 91 225 2
1 91 151 1
1 144 188 2
1 144 225 2
1 144 151 1
1 197 188 2
1 197 225 2
1 197 151 1
1 250 151 1
1 303 151 1
1 356 188 2
1 356 151 1
1 409 151 1
1 462 151 1
1 515 188 2
1 515 225 2
1 515 151 1
1 568 188 2
1 568 225 2
1 568 151 1
1 621 188 2
1 621 225 2
1 621 151 1
2 91 114 0 5112 144 114 0 4322 197 114 0 4482 250 114 0 5272 303 114 0 4652 356 114 0 4822 409 114 0 5662 462 114 0 5052 515 114 0 4362 568 114 0 5562 621 114 0 5374 444 400 15 800 10 0 3146 290 514 16 608 369 16 449 319 17 90
