0 386 500 3 4
1 11 124 2
1 11 161 2
1 11 87 1
1 64 124 2
1 64 161 2
1 64 87 1
1 117 124 2
1 117 161 2
1 117 87 1
1 170 124 2
1 170 161 2
1 170 87 1
1 223 124 2
1 223 161 2
1 223 87 1
1 276 124 2
1 276 161 2
1 276 87 1
1 329 87 1
1 382 87 1
1 435 124 2
1 435 161 2
1 435 87 1
1 488 124 2
1 488 161 2
1 488 87 1
1 541 124 2
1 541 161 2
1 541 87 1
2 11 50 0 4292 64 50 0 3502 117 50 0 3662 170 50 0 4452 223 50 0 3832 276 50 0 4002 329 50 0 4842 382 50 0 4232 435 50 0 3542 488 50 0 4742 541 50 0 4554 266 400 34 444 400 34 622 400 44 88 400 35 170 10 2 07 40
