0 396 500 3 4
1 31 156 2
1 31 193 2
1 31 119 1
1 84 156 2
1 84 193 2
1 84 119 1
1 137 156 2
1 137 193 2
1 137 119 1
1 190 156 2
1 190 193 2
1 190 119 1
1 243 156 2
1 243 193 2
1 243 119 1
1 296 156 2
1 296 193 2
1 296 119 1
1 349 156 2
1 349 119 1
1 455 156 2
1 455 193 2
1 455 119 1
1 508 156 2
1 508 193 2
1 508 119 1
1 561 156 2
1 561 193 2
1 561 119 1
2 31 82 0 342
2 84 82 0 263
2 137 82 0 279
2 190 82 0 358
2 243 82 0 296
2 296 82 0 313
2 349 82 0 397
2 402 82 0 336
2 455 82 0 267
2 508 82 0 387
2 561 82 0 368
4 266 400 3
4 444 400 3
4 622 400 4
4 88 400 3
5 800 10 0 592
7 50
