0 400 500 3 2
1 101 124 2
1 101 161 2
1 101 87 1
1 154 124 2
1 154 161 2
1 154 87 1
1 207 124 2
1 207 161 2
1 207 87 1
1 260 124 2
1 260 161 2
1 260 87 1
1 313 124 2
1 313 161 2
1 313 87 1
1 366 124 2
1 366 161 2
1 366 87 1
1 419 124 2
1 419 161 2
1 419 87 1
1 472 124 2
1 472 161 2
1 472 87 1
1 525 124 2
1 525 161 2
1 525 87 1
1 578 124 2
1 578 161 2
1 578 87 1
1 631 124 2
1 631 161 2
1 631 87 1
2 101 50 0 66
2 154 50 0 156
2 207 50 0 3
2 260 50 0 82
2 313 50 0 20
2 366 50 0 37
2 419 50 0 121
2 472 50 0 60
2 525 50 0 79
2 578 50 0 111
2 631 50 0 92
4 266 400 4
4 444 400 4
4 622 400 4
4 88 400 4
5 800 10 0 93
5 800 10 0 93
6 164 115 1
6 535 95 1
7 0
